# calibration constants for Paros sensor from (raw output).

C1: -28183.59
C2: 204.9442
C3: 87027.50
D1: 0.0351403
D2: 0.0
T1: 30.06669
T2: 1.427388
T3: 63.14868
T4: 205.6885
T5: 0.0
U0: 5.834068
Y1: -3858.945
Y2: -11153.40
Y3: 0.0
